Distance entre avions : 6.0 
Nombre de simulations : 1000 
Probability, Error, Relative error, mu 
 
3.095E-05, 1.252E-05, 40.4640370883, -5.36842105263 
2.143E-05, 6.983E-06, 32.5914657026, -6.0 
3.363E-05, 1.426E-05, 42.4078984158, -4.73684210526 
3.478E-05, 1.829E-05, 52.579868568, -3.78947368421 
2.348E-05, 7.831E-06, 33.3490262017, -5.36842105263 
2.567E-05, 7.550E-06, 29.4102227729, -4.73684210526 
4.010E-05, 1.650E-05, 41.1339852147, -5.05263157895 
2.633E-05, 1.093E-05, 41.5266111851, -4.10526315789 
3.372E-05, 1.058E-05, 31.3856579878, -5.36842105263 
1.926E-05, 7.306E-06, 37.9374761291, -5.68421052632 
4.050E-05, 1.607E-05, 39.6752964617, -5.36842105263 
2.625E-05, 1.059E-05, 40.3435128817, -5.36842105263 
2.629E-05, 9.773E-06, 37.1749457893, -4.42105263158 
2.054E-05, 5.991E-06, 29.1738689376, -5.68421052632 
2.068E-05, 6.578E-06, 31.8032285678, -5.68421052632 
2.139E-05, 8.478E-06, 39.6294703871, -3.47368421053 
2.471E-05, 8.715E-06, 35.2650451882, -5.36842105263 
2.048E-05, 6.941E-06, 33.8926879747, -6.0 
3.353E-05, 1.895E-05, 56.5002060085, -6.0 
3.519E-05, 1.409E-05, 40.0290310205, -3.15789473684 
2.451E-05, 9.628E-06, 39.2871913112, -3.47368421053 
2.734E-05, 9.370E-06, 34.2750888815, -5.68421052632 
2.784E-05, 1.067E-05, 38.3152916769, -4.10526315789 
Real value : 9.815849823102685e-05