Distance entre avions : 8.0 
Nombre de simulations : 1000 
Probability, Error, Relative error, mu 
 
6.787E-09, 2.441E-09, 35.9633838668, -5.89473684211 
4.142E-09, 2.920E-09, 70.4787373205, -4.63157894737 
5.087E-09, 2.089E-09, 41.0697966325, -8.0 
6.459E-09, 3.507E-09, 54.2971243884, -8.0 
5.498E-09, 3.217E-09, 58.5129889973, -5.47368421053 
1.589E-09, 1.619E-09, 101.882079954, -4.21052631579 
3.939E-09, 1.877E-09, 47.6601860869, -5.89473684211 
5.232E-09, 2.051E-09, 39.2093254844, -8.0 
9.345E-09, 6.029E-09, 64.5148420534, -5.47368421053 
1.156E-08, 7.749E-09, 67.0078069029, -7.57894736842 
6.608E-09, 2.847E-09, 43.0821902431, -8.0 
1.179E-08, 4.808E-09, 40.7757452118, -8.0 
4.587E-09, 2.581E-09, 56.2599493982, -5.47368421053 
7.532E-09, 3.336E-09, 44.2967032835, -7.15789473684 
3.985E-09, 1.774E-09, 44.5158315924, -8.0 
2.348E-09, 3.138E-09, 133.615168698, -4.21052631579 
5.537E-09, 2.379E-09, 42.9588901772, -7.15789473684 
4.819E-09, 2.735E-09, 56.7560811794, -8.0 
2.677E-09, 1.733E-09, 64.7442588957, -4.63157894737 
4.700E-09, 2.615E-09, 55.6499114885, -5.05263157895 
1.308E-09, 2.561E-09, 195.803901902, -3.36842105263 
8.630E-10, 1.690E-09, 195.803901902, -3.78947368421 
7.316E-09, 2.874E-09, 39.2917517949, -8.0 
Real value : 2.8894130088552572e-08