Distance entre avions : 10.0 
Nombre de simulations : 1000 
Probability, Error, Relative error, mu 
 
3.279E-13, 3.163E-13, 96.4630928846, -8.42105263158 
8.578E-14, 1.680E-13, 195.803901902, -5.78947368421 
2.237E-13, 1.127E-13, 50.3909028364, -7.36842105263 
1.954E-13, 1.093E-13, 55.938525626, -8.94736842105 
9.899E-15, 1.938E-14, 195.803901902, -5.26315789474 
3.701E-14, 4.703E-14, 127.078484901, -6.31578947368 
3.960E-13, 2.125E-13, 53.6722586398, -8.42105263158 
4.870E-14, 9.536E-14, 195.803901902, -5.78947368421 
1.499E-13, 2.077E-13, 138.514770515, -5.78947368421 
2.400E-13, 1.461E-13, 60.8694713069, -9.47368421053 
2.773E-13, 1.594E-13, 57.4639123686, -10.0 
3.888E-15, 6.823E-15, 175.473971692, -5.78947368421 
1.891E-13, 1.500E-13, 79.3116177656, -10.0 
2.268E-13, 1.195E-13, 52.7097746928, -10.0 
7.532E-15, 1.475E-14, 195.803901902, -5.78947368421 
1.889E-13, 7.766E-14, 41.1020097305, -8.94736842105 
2.744E-13, 1.909E-13, 69.5802969548, -8.94736842105 
2.771E-13, 1.665E-13, 60.0827666733, -10.0 
2.652E-13, 1.153E-13, 43.4911785648, -9.47368421053 
1.162E-14, 2.276E-14, 195.803901902, -5.26315789474 
2.052E-14, 1.904E-14, 92.7826259602, -6.31578947368 
3.108E-14, 6.085E-14, 195.803901902, -5.78947368421 
1.378E-14, 2.697E-14, 195.803901902, -5.78947368421 
Real value : 1.4337420140009272e-12