Distance entre avions : 4.0 
Nombre de simulations : 100 
Probability, Error, Relative error, mu 
 
7.691E-03, 4.495E-03, 58.4454258889, -4.0 
7.965E-03, 4.732E-03, 59.4178052195, -4.0 
8.512E-03, 3.995E-03, 46.9329405395, -2.52631578947 
7.350E-03, 3.416E-03, 46.4732501679, -3.15789473684 
8.768E-03, 2.700E-03, 30.796786505, -3.36842105263 
6.798E-03, 3.515E-03, 51.7100223728, -3.57894736842 
7.932E-03, 3.261E-03, 41.1044411457, -3.36842105263 
1.471E-02, 8.740E-03, 59.4169962172, -2.52631578947 
2.127E-02, 2.598E-02, 122.156193108, -4.0 
1.205E-02, 5.339E-03, 44.3015293954, -2.73684210526 
5.545E-03, 2.214E-03, 39.9211371096, -3.15789473684 
6.531E-03, 2.724E-03, 41.7163617649, -3.57894736842 
6.407E-03, 2.895E-03, 45.1869975303, -3.78947368421 
1.859E-02, 1.171E-02, 63.0306114714, -1.89473684211 
1.358E-02, 1.359E-02, 100.07765043, -4.0 
5.673E-03, 2.917E-03, 51.4188092395, -4.0 
5.213E-03, 1.954E-03, 37.4888309694, -4.0 
1.364E-02, 7.700E-03, 56.4509053447, -1.68421052632 
1.013E-02, 3.126E-03, 30.8547864497, -2.94736842105 
7.552E-03, 3.142E-03, 41.6043327209, -3.15789473684 
8.403E-03, 4.051E-03, 48.2064324754, -2.31578947368 
7.646E-03, 4.038E-03, 52.8115266691, -3.78947368421 
5.200E-03, 2.557E-03, 49.1656988696, -4.0 
Real value : 0.020508774963641674