Distance entre avions : 10.0 
Nombre de simulations : 100000 
Probability, Error, Relative error, mu 
 
6.971E-13, 1.404E-13, 20.14418083, -8.94736842105 
6.366E-13, 1.370E-13, 21.5181029763, -9.47368421053 
9.988E-13, 2.717E-13, 27.2074999594, -6.84210526316 
2.735E-14, 5.360E-14, 195.99803999, -4.21052631579 
6.022E-13, 2.168E-13, 36.0014034748, -5.78947368421 
2.073E-13, 1.240E-13, 59.8144240895, -4.73684210526 
7.366E-13, 2.689E-13, 36.5094201749, -6.84210526316 
7.007E-13, 1.451E-13, 20.7060780121, -9.47368421053 
8.141E-13, 1.723E-13, 21.1584470635, -8.94736842105 
8.216E-13, 2.971E-13, 36.1548984452, -9.47368421053 
8.105E-13, 1.549E-13, 19.1185181084, -8.42105263158 
9.379E-13, 2.011E-13, 21.4459636039, -7.89473684211 
1.529E-13, 1.867E-13, 122.110449841, -4.21052631579 
3.013E-13, 2.015E-13, 66.8643798594, -4.73684210526 
9.975E-13, 3.379E-13, 33.8804169332, -7.89473684211 
8.661E-13, 2.027E-13, 23.3988779386, -7.36842105263 
1.091E-14, 2.139E-14, 195.99803999, -4.21052631579 
8.018E-13, 1.688E-13, 21.0472685315, -7.89473684211 
9.672E-13, 3.004E-13, 31.056565592, -8.94736842105 
6.803E-13, 1.893E-13, 27.8289600941, -9.47368421053 
1.235E-14, 2.420E-14, 195.99803999, -4.21052631579 
6.853E-13, 1.706E-13, 24.89871777, -10.0 
5.815E-13, 1.202E-13, 20.6661427563, -10.0 
Real value : 1.4477308241112041e-12