Distance entre avions : 6.0 
Nombre de simulations : 100000 
Probability, Error, Relative error, mu 
 
5.730E-05, 1.695E-05, 29.5751556144, -6.0 
5.374E-05, 8.674E-06, 16.1398730987, -6.0 
6.917E-05, 1.134E-05, 16.3887261775, -3.47368421053 
6.210E-05, 1.209E-05, 19.4639633289, -5.68421052632 
6.468E-05, 8.336E-06, 12.8883892788, -3.15789473684 
5.847E-05, 1.093E-05, 18.6886877413, -5.05263157895 
7.658E-05, 1.432E-05, 18.6936255742, -1.89473684211 
7.248E-05, 1.098E-05, 15.1441136814, -2.52631578947 
6.654E-05, 7.987E-06, 12.0028941122, -3.47368421053 
7.776E-05, 2.876E-05, 36.9903434313, -6.0 
4.849E-05, 6.523E-06, 13.4525012441, -5.36842105263 
5.548E-05, 9.177E-06, 16.5428515468, -5.68421052632 
5.591E-05, 6.160E-06, 11.0180836847, -4.42105263158 
5.832E-05, 1.181E-05, 20.2427095155, -6.0 
5.790E-05, 1.143E-05, 19.7402213909, -5.36842105263 
6.354E-05, 1.147E-05, 18.0487059897, -5.36842105263 
6.995E-05, 1.080E-05, 15.4363521146, -3.78947368421 
6.834E-05, 1.578E-05, 23.0886414519, -4.42105263158 
5.763E-05, 6.626E-06, 11.4985449462, -4.10526315789 
4.529E-05, 5.488E-06, 12.1167743588, -6.0 
4.865E-05, 9.275E-06, 19.0633899497, -6.0 
4.904E-05, 9.471E-06, 19.314028057, -6.0 
6.098E-05, 8.737E-06, 14.32861981, -4.10526315789 
Real value : 0.00011182249442143188