Distance entre avions : 10.0 
Nombre de simulations : 100 
Probability, Error, Relative error, mu 
 
5.899E-14, 7.359E-14, 124.75358513, -8.42105263158 
1.427E-13, 8.984E-14, 62.9381187982, -8.94736842105 
5.095E-15, 8.507E-15, 166.972363188, -7.36842105263 
1.061E-14, 1.681E-14, 158.379611851, -6.84210526316 
1.549E-14, 9.918E-15, 64.0203227321, -10.0 
7.004E-14, 7.047E-14, 100.616524135, -7.89473684211 
3.465E-15, 4.726E-15, 136.378999167, -6.31578947368 
1.859E-16, 3.607E-16, 194.030100758, -6.84210526316 
1.237E-14, 1.403E-14, 113.364113946, -10.0 
1.781E-14, 3.455E-14, 194.030100758, -6.31578947368 
1.273E-14, 1.978E-14, 155.37359735, -7.89473684211 
1.376E-13, 1.237E-13, 89.9047111399, -8.42105263158 
2.383E-14, 2.695E-14, 113.086728586, -10.0 
3.811E-15, 7.073E-15, 185.590788182, -7.36842105263 
2.619E-14, 2.922E-14, 111.545701239, -8.42105263158 
2.465E-14, 4.182E-14, 169.683921469, -6.84210526316 
5.367E-15, 1.041E-14, 194.030100758, -6.31578947368 
3.305E-14, 5.607E-14, 169.682427589, -6.84210526316 
4.574E-14, 4.250E-14, 92.9155721667, -10.0 
5.257E-14, 5.236E-14, 99.6070084685, -9.47368421053 
6.644E-15, 1.289E-14, 194.030100758, -6.84210526316 
1.855E-14, 1.376E-14, 74.1910092324, -9.47368421053 
1.887E-14, 2.549E-14, 135.091907931, -7.89473684211 
Real value : 1.4340750809083147e-12