Distance entre avions : 4.0 
Nombre de simulations : 1000 
Probability, Error, Relative error, mu 
 
9.489E-03, 2.379E-03, 25.0693350817, -4.0 
1.115E-02, 3.627E-03, 32.5126875588, -4.0 
1.047E-02, 2.603E-03, 24.855816136, -3.36842105263 
1.512E-02, 3.738E-03, 24.7305380496, -3.15789473684 
9.732E-03, 2.389E-03, 24.5465308093, -4.0 
1.890E-02, 5.033E-03, 26.6306846908, -2.52631578947 
2.741E-02, 8.977E-03, 32.7542962153, -0.421052631579 
2.454E-02, 8.868E-03, 36.1381507524, -0.421052631579 
1.791E-02, 4.805E-03, 26.8336012647, -2.73684210526 
2.613E-02, 8.757E-03, 33.5168603317, -0.421052631579 
7.984E-03, 1.494E-03, 18.7143704065, -4.0 
1.163E-02, 4.163E-03, 35.7897878357, -4.0 
1.052E-02, 2.759E-03, 26.2336510478, -4.0 
1.175E-02, 2.384E-03, 20.2803031921, -2.31578947368 
1.053E-02, 1.930E-03, 18.3253625426, -2.31578947368 
9.509E-03, 1.982E-03, 20.8475505673, -4.0 
1.048E-02, 2.056E-03, 19.619843604, -3.36842105263 
1.655E-02, 4.494E-03, 27.1578147024, -2.94736842105 
1.151E-02, 2.425E-03, 21.0784149422, -3.78947368421 
1.269E-02, 2.934E-03, 23.1233451523, -1.89473684211 
1.119E-02, 2.814E-03, 25.1513107042, -3.15789473684 
1.165E-02, 4.650E-03, 39.9208728196, -3.57894736842 
1.085E-02, 3.029E-03, 27.9229506195, -4.0 
Real value : 0.020390630638119855