Distance entre avions : 8.0 
Nombre de simulations : 100000 
Probability, Error, Relative error, mu 
 
1.673E-08, 2.678E-09, 16.0040484046, -7.57894736842 
1.913E-08, 3.186E-09, 16.6562643084, -6.31578947368 
2.151E-08, 3.145E-09, 14.6195224185, -5.47368421053 
2.046E-08, 5.842E-09, 28.5487088565, -4.21052631579 
2.178E-08, 4.277E-09, 19.63814501, -5.05263157895 
2.256E-08, 4.715E-09, 20.9030605742, -6.31578947368 
2.083E-08, 4.047E-09, 19.4311650114, -6.31578947368 
1.844E-08, 3.410E-09, 18.4933776726, -7.15789473684 
1.581E-08, 2.778E-09, 17.5710650171, -8.0 
1.711E-08, 2.577E-09, 15.059533602, -6.73684210526 
2.117E-08, 3.564E-09, 16.8297718954, -6.31578947368 
1.925E-08, 3.612E-09, 18.7592482655, -6.31578947368 
1.682E-08, 2.521E-09, 14.9833063568, -7.15789473684 
2.424E-08, 5.477E-09, 22.5978722699, -5.47368421053 
1.885E-08, 4.814E-09, 25.5325221282, -7.57894736842 
1.607E-08, 2.695E-09, 16.7688738601, -8.0 
1.351E-08, 2.247E-09, 16.6320101483, -8.0 
1.603E-08, 2.358E-09, 14.7144679416, -8.0 
1.590E-08, 4.647E-09, 29.2331899387, -3.36842105263 
1.923E-08, 3.185E-09, 16.5645162784, -6.73684210526 
1.934E-08, 4.720E-09, 24.404386813, -8.0 
1.673E-08, 2.327E-09, 13.9070587586, -7.57894736842 
2.515E-08, 5.639E-09, 22.4198000423, -5.89473684211 
Real value : 2.7845835748330217e-08