Distance entre avions : 4.0 
Nombre de simulations : 100000 
Probability, Error, Relative error, mu 
 
2.062E-02, 7.153E-04, 3.46855675629, -0.842105263158 
2.014E-02, 7.077E-04, 3.5147609905, -0.631578947368 
2.010E-02, 7.071E-04, 3.51824758395, -0.631578947368 
2.047E-02, 7.080E-04, 3.45929611425, -0.842105263158 
1.988E-02, 6.877E-04, 3.45978584533, -0.631578947368 
2.097E-02, 7.245E-04, 3.45571884582, -0.631578947368 
2.036E-02, 7.107E-04, 3.49104162173, -0.631578947368 
2.032E-02, 7.025E-04, 3.4577419347, -0.631578947368 
2.069E-02, 7.182E-04, 3.47114291409, -0.842105263158 
2.074E-02, 7.349E-04, 3.54294301339, -0.631578947368 
2.033E-02, 7.137E-04, 3.51110391191, -0.631578947368 
2.058E-02, 7.217E-04, 3.5068400511, -0.631578947368 
2.005E-02, 6.900E-04, 3.44176375007, -0.842105263158 
2.030E-02, 7.096E-04, 3.49512065507, -0.631578947368 
2.022E-02, 7.029E-04, 3.47545479354, -0.631578947368 
2.051E-02, 7.040E-04, 3.43200420358, -0.842105263158 
2.028E-02, 7.111E-04, 3.50659615804, -0.631578947368 
2.041E-02, 7.035E-04, 3.44708578695, -0.631578947368 
2.046E-02, 7.250E-04, 3.54417633299, -0.631578947368 
1.944E-02, 6.786E-04, 3.4917407, -0.842105263158 
2.078E-02, 7.136E-04, 3.43396693181, -0.631578947368 
2.031E-02, 7.135E-04, 3.51395884002, -0.631578947368 
1.958E-02, 6.884E-04, 3.51602230185, -0.631578947368 
Real value : 0.020712708145289582