Distance entre avions : 6.0 
Nombre de simulations : 100 
Probability, Error, Relative error, mu 
 
2.544E-06, 4.936E-06, 194.030100758, -2.84210526316 
5.388E-06, 6.339E-06, 117.659874602, -3.78947368421 
2.830E-05, 2.013E-05, 71.1512526274, -6.0 
1.089E-05, 5.635E-06, 51.7601748266, -4.73684210526 
6.167E-06, 5.454E-06, 88.4497893594, -5.36842105263 
1.213E-05, 8.838E-06, 72.8723395174, -3.78947368421 
9.843E-06, 7.904E-06, 80.3073209542, -6.0 
5.774E-07, 1.120E-06, 194.030100758, -3.47368421053 
1.453E-05, 9.278E-06, 63.8518056324, -4.42105263158 
1.791E-05, 9.493E-06, 53.0047416362, -5.36842105263 
1.408E-05, 8.866E-06, 62.9733873904, -6.0 
8.810E-06, 6.641E-06, 75.3850572582, -6.0 
1.116E-05, 9.328E-06, 83.606783792, -6.0 
9.449E-06, 5.223E-06, 55.2736184945, -6.0 
3.568E-06, 3.700E-06, 103.694268091, -4.42105263158 
8.031E-06, 5.437E-06, 67.6967197021, -5.05263157895 
1.955E-05, 1.152E-05, 58.9081662321, -5.05263157895 
7.387E-06, 3.190E-06, 43.1777110747, -6.0 
2.554E-05, 1.417E-05, 55.5056988633, -4.73684210526 
1.141E-05, 1.319E-05, 115.544826545, -6.0 
5.191E-06, 1.007E-05, 194.030100758, -2.52631578947 
1.848E-05, 8.373E-06, 45.3165544905, -6.0 
8.410E-06, 5.912E-06, 70.2888706795, -4.10526315789 
Real value : 0.00016349544283178474