Distance entre avions : 8.0 
Nombre de simulations : 100 
Probability, Error, Relative error, mu 
 
2.650E-10, 2.926E-10, 110.44356993, -5.47368421053 
4.082E-09, 4.454E-09, 109.117691463, -6.73684210526 
1.273E-10, 2.471E-10, 194.030100758, -5.05263157895 
3.881E-09, 2.751E-09, 70.8931107931, -8.0 
1.287E-09, 7.507E-10, 58.3297724563, -7.15789473684 
3.317E-10, 6.436E-10, 194.030100758, -4.63157894737 
5.209E-09, 4.196E-09, 80.5669399948, -7.15789473684 
2.042E-09, 1.129E-09, 55.2695891077, -6.31578947368 
7.315E-10, 7.952E-10, 108.702271086, -5.89473684211 
1.297E-09, 1.224E-09, 94.4062817907, -6.31578947368 
1.026E-09, 9.092E-10, 88.5908802208, -5.89473684211 
2.098E-09, 2.626E-09, 125.163814414, -5.05263157895 
2.744E-09, 2.306E-09, 84.0400742375, -8.0 
4.124E-09, 6.239E-09, 151.299386735, -5.05263157895 
2.998E-09, 1.682E-09, 56.1178832791, -6.73684210526 
9.842E-10, 1.224E-09, 124.409103114, -5.05263157895 
2.080E-09, 1.929E-09, 92.7816630801, -8.0 
1.778E-09, 1.306E-09, 73.4239748708, -6.31578947368 
4.178E-09, 3.520E-09, 84.2435180631, -8.0 
2.436E-09, 2.872E-09, 117.89225536, -5.89473684211 
8.021E-10, 7.975E-10, 99.420093683, -5.47368421053 
5.504E-09, 4.946E-09, 89.8631738893, -6.31578947368 
1.553E-12, 3.013E-12, 194.030100758, -4.63157894737 
Real value : 4.211863580128039e-08